   30.000001854734396       0.95780500107535360       0.51077609846268401        4.1400483078187187E-011   5.6597605147842106E-022   5.7605482397259635E-022   1.6300251403137412E-032   1.9578050010753536E-035   1.9578050010753536E-035   1.9578050010753536E-035
   22.667320864717933       0.95066688100935770       0.51264322469298629        2.7555036712181615E-011   2.6267893989717999E-022   2.6716500832311155E-022   6.1312735848578024E-033   1.9506743712430487E-035   1.9506743712430487E-035   1.9506743712430487E-035
   17.186300195017992       0.94125356753479095       0.51512816480027734        1.8591717666428384E-011   1.2634174906608087E-022   1.2839096580827253E-022   2.5830229808649747E-033   1.9412644625783848E-035   1.9412644625783848E-035   1.9412644625783848E-035
   12.770183486542015       0.93197247148253604       0.51760244168959679        1.2396210410092604E-011   6.0920785777811258E-023   6.1573291349877177E-023   1.2004558010432762E-033   1.9319847038119156E-035   1.9319847038119156E-035   1.9319847038119156E-035
   9.1676919858765196       0.92372334530865285       0.51982182841403013        8.0706727283899872E-012   2.9248891703826206E-023   2.9141044625608513E-023   6.5009465456866422E-034   1.9237360675118001E-035   1.9237360675118001E-035   1.9237360675118001E-035
   6.2864552166447236       0.91733485604910137       0.52155380279513364        5.0789567622697596E-012   1.4156224804012427E-023   1.3666991896057871E-023   4.8320909198875718E-034   1.9173477302643695E-035   1.9173477302643695E-035   1.9173477302643695E-035
   3.9104196111799188       0.91287341302441827       0.52277021810304203        3.0793295154555188E-012   7.6780004058143233E-024   6.9193082354158764E-024   8.7318876728152497E-034   1.9128863224624099E-035   1.9128863224624099E-035   1.9128863224624099E-035
   2.9573233550533069       0.91145956058475419       0.52315689321521541        2.4277243198085011E-012   6.6508964711303042E-024   5.6367057791477045E-024   2.5437412324490524E-033   1.9114724721568787E-035   1.9114724721568787E-035   1.9114724721568787E-035
   2.4803336802883225       0.91085983436616158       0.52332108574291647        2.1521777552783273E-012   6.7903079879226410E-024   5.4798913109605908E-024   7.2181681262116131E-033   1.9108727457071240E-035   1.9108727457071240E-035   1.9108727457071240E-035
   2.1783022239039274       0.91052180622724443       0.52341367629667113        2.0038415941000198E-012   7.3676856715032564E-024   5.7003455573592367E-024   1.9415330871697887E-032   1.9105347171578289E-035   1.9105347171578289E-035   1.9105347171578289E-035
   1.9642540364543322       0.91030303739490981       0.52347361758087274        1.9158791529200122E-012   8.2319334143000945E-024   6.1327497701001640E-024   4.9783717202025176E-032   1.9103159479579838E-035   1.9103159479579838E-035   1.9103159479579838E-035
   1.8014451779066822       0.91014862448223088       0.52351593402581587        1.8620242135481592E-012   9.3521588845821022E-024   6.7288445556964939E-024   1.2300752567950334E-031   1.9101615347407697E-035   1.9101615347407697E-035   1.9101615347407697E-035
   1.6716131892377526       0.91003310214536925       0.52354759709295096        1.8299013206732146E-012   1.0737909938462380E-023   7.4776101272875325E-024   2.9523164029711849E-031   1.9100460121536179E-035   1.9100460121536179E-035   1.9100460121536179E-035
   1.5645904079966171       0.90994304881303723       0.52357228211982032        1.8128609848417014E-012   1.2417891126570189E-023   8.3835365234133739E-024   6.9201081370086628E-031   1.9099559586142273E-035   1.9099559586142273E-035   1.9099559586142273E-035
   1.4741629477493474       0.90987065291458380       0.52359212865763061        1.8069689446400386E-012   1.4434725139714784E-023   9.4601426255671952E-024   1.5905219351684433E-030   1.9098835625427930E-035   1.9098835625427930E-035   1.9098835625427930E-035
   1.3962485367552255       0.90981101524485097       0.52360847879887018        1.8097468746583062E-012   1.6844903998026465E-023   1.0728237115213395E-023   3.5972557576267384E-030   1.9098239247270146E-035   1.9098239247270146E-035   1.9098239247270146E-035
   1.3280333338909283       0.90976089953635242       0.52362221920885077        1.8195763567100331E-012   1.9720593649274917E-023   1.2215767731342103E-023   8.0318462595040797E-030   1.9097738088939695E-035   1.9097738088939695E-035   1.9097738088939695E-035
   1.2676079933012117       0.90971815141863688       0.52363394018922571        1.8353642263370183E-012   2.3149085514506367E-023   1.3956671307175564E-023   1.7744920355012272E-029   1.9097310606692718E-035   1.9097310606692718E-035   1.9097310606692718E-035
   1.2137398943968856       0.90968134958252922       0.52364403119653380        1.8562987677714485E-012   2.7226618087863631E-023   1.5987151850104181E-023   3.8799991339585776E-029   1.9096942587409738E-035   1.9096942587409738E-035   1.9096942587409738E-035
   1.1654263937508089       0.90964939318012072       0.52365279390872077        1.8817359839314828E-012   3.2060909307077692E-023   1.8346607326630230E-023   8.3907828054696844E-029   1.9096623022588369E-035   1.9096623022588369E-035   1.9096623022588369E-035
   1.1217321510432456       0.90962134860860688       0.52366048420569744        1.9112080543170386E-012   3.7784624485196156E-023   2.1083668416256630E-023   1.7955875463657817E-028   1.9096342576179438E-035   1.9096342576179438E-035   1.9096342576179438E-035
   1.0818945721135029       0.90959648837760754       0.52366730149117602        1.9444043062487781E-012   4.4562927326995605E-023   2.4258835911597288E-023   3.8077860861055124E-028   1.9096093973261959E-035   1.9096093973261959E-035   1.9096093973261959E-035
   1.0453294923660694       0.90957426505276695       0.52367339582229711        1.9811217491527115E-012   5.2596480342333173E-023   2.7944707113410127E-023   8.0144292355492514E-028   1.9095871739478993E-035   1.9095871739478993E-035   1.9095871739478993E-035
   1.0116137813415154       0.90955427716398496       0.52367887724780726        2.0212048629353404E-012   6.2120524292712611E-023   3.2224411296996819E-023   1.6757646833463252E-027   1.9095671860119638E-035   1.9095671860119638E-035   1.9095671860119638E-035
  0.98045548198875199       0.90953623408562545       0.52368382543196046        2.0644857327016911E-012   7.3398780915103134E-023   3.7187971666582754E-023   3.4803227000707941E-027   1.9095491428919926E-035   1.9095491428919926E-035   1.9095491428919926E-035
  0.95159584067075687       0.90951988839529274       0.52368830820014978        2.1107990159748255E-012   8.6730091910147664E-023   4.2934492279253162E-023   7.1751610620415597E-027   1.9095327971649264E-035   1.9095327971649264E-035   1.9095327971649264E-035
  0.92476518193819068       0.90950500679218171       0.52369238951224506        2.1600401874242757E-012   1.0247114194969787E-022   4.9580838033527048E-023   1.4684038482794432E-026   1.9095179155293375E-035   1.9095179155293375E-035   1.9095179155293375E-035
  0.89971712116450309       0.90949138668957652       0.52369612491056872        2.2121707834223424E-012   1.2105364920647100E-022   5.7267089978069220E-023   2.9848091822875615E-026   1.9095042953979647E-035   1.9095042953979647E-035   1.9095042953979647E-035
  0.87624980524799789       0.90947886408199208       0.52369955936077983        2.2671876814588851E-012   1.4299253564678224E-022   6.6157721802883248E-023   6.0305034912389393E-026   1.9094917727648763E-035   1.9094917727648763E-035   1.9094917727648763E-035
  0.85420837142351580       0.90946731098326572       0.52370272795319894        2.3250872542557451E-012   1.6888843775957062E-022   7.6440389022502946E-023   1.2115465691563305E-025   1.9094802196435488E-035   1.9094802196435488E-035   1.9094802196435488E-035
  0.83347484845432396       0.90945662692731577       0.52370565823284432        2.3858414209856164E-012   1.9942835611170350E-022   8.8324125895644499E-023   2.4202405025165674E-025   1.9094695355676126E-035   1.9094695355676126E-035   1.9094695355676126E-035
  0.81394367173822590       0.90944672424244954       0.52370837423754235        2.4494126657516846E-012   2.3540059665106852E-022   1.0204311424514917E-022   4.8062043193040518E-025   1.9094596328651076E-035   1.9094596328651076E-035   1.9094596328651076E-035
  0.79550707431364953       0.90943751968855435       0.52371089879121269        2.5157910815229738E-012   2.7772992085233354E-022   1.1786752518919728E-022   9.4876472435455250E-025   1.9094504282956866E-035   1.9094504282956866E-035   1.9094504282956866E-035
  0.77806124894296069       0.90942893699945826       0.52371325280632131        2.5850072965541556E-012   3.2751491217217905E-022   1.3611400304151322E-022   1.8623229024273152E-024   1.9094418455929703E-035   1.9094418455929703E-035   1.9094418455929703E-035
  0.76151745782146862       0.90942091159611604       0.52371545399092312        2.6571116071049829E-012   3.8605083311062341E-022   1.5714982218099345E-022   3.6362959848099612E-024   1.9094338201777251E-035   1.9094338201777251E-035   1.9094338201777251E-035
  0.74580608749067812       0.90941339159724210       0.52371751657121202        2.7321395928169153E-012   4.5483503048081051E-022   1.8139044525041125E-022   7.0638828691837842E-024   1.9094263001684914E-035   1.9094263001684914E-035   1.9094263001684914E-035
  0.73086662651006684       0.90940633219732758       0.52371945283329313        2.8101131663208194E-012   5.3559119077208965E-022   2.0930372123238422E-022   1.3652076010590011E-023   1.9094192407596386E-035   1.9094192407596386E-035   1.9094192407596386E-035
  0.71663942304354933       0.90939969133213727       0.52372127431194448        2.8910733031984304E-012   6.3033554038503361E-022   2.4142776384910848E-022   2.6251952928217599E-023   1.9094125998868040E-035   1.9094125998868040E-035   1.9094125998868040E-035
  0.70307122224081886       0.90939343198853317       0.52372299115697574        2.9750707427506390E-012   7.4141911064469615E-022   2.7837908623183557E-022   5.0232118102254074E-023   1.9094063405367467E-035   1.9094063405367467E-035   1.9094063405367467E-035
  0.69011482288381909       0.90938752169938408       0.52372461227168143        3.0621577709526257E-012   8.7157072760342992E-022   3.2086000910738531E-022   9.5650452275548559E-023   1.9094004302422423E-035   1.9094004302422423E-035   1.9094004302422423E-035
  0.67772689361959748       0.90938193126244371       0.52372614566415987        3.1523951575689205E-012   1.0239667620865943E-021   3.6967377372361344E-022   1.8126108568328555E-022   1.9093948398009739E-035   1.9093948398009739E-035   1.9093948398009739E-035
  0.66586715930609086       0.90937663416166048       0.52372759860600016        3.2458567878314763E-012   1.2023144022879029E-021   4.2574225984518462E-022   3.4187062255652068E-022   1.9093895426967926E-035   1.9093895426967926E-035   1.9093895426967926E-035
  0.65449736050446439       0.90937160593252298       0.52372897780630412        3.3426377794823826E-012   1.4109625684203885E-021   4.9013025537062971E-022   6.4178897758955492E-022   1.9093845144651132E-035   1.9093845144651132E-035   1.9093845144651132E-035
  0.64358015057581319       0.90936682354379972       0.52373028958123757        3.4428667714958981E-012   1.6550549389276259E-021   5.6407976145824401E-022   1.1993286212911167E-021   1.9093797320746458E-035   1.9093797320746458E-035   1.9093797320746458E-035
  0.63307787702755480       0.90936226476825233       0.52373154002661426        3.5467240109491260E-012   1.9407492796731321E-021   6.4906014017482439E-022   2.2312505933825498E-021   1.9093751732981050E-035   1.9093751732981050E-035   1.9093751732981050E-035
  0.62295097121626375       0.90935790742179046       0.52373273522657604        3.6544698572513199E-012   2.2755500416216750E-021   7.4684560213979969E-022   4.1330707171939342E-021   1.9093708159513504E-035   1.9093708159513504E-035   1.9093708159513504E-035
  0.61315558593168351       0.90935372832310690       0.52373388153894496        3.7664915127721445E-012   2.6688423567401906E-021   8.5964145305270995E-022   7.6235738222485977E-021   1.9093666368530329E-035   1.9093666368530329E-035   1.9093666368530329E-035
  0.60364020302434018       0.90934970186990871       0.52373498598575075        3.8833782177981840E-012   3.1327831382476501E-021   9.9029602042875924E-022   1.4003841306939337E-020   1.9093626104008393E-035   1.9093626104008393E-035   1.9093626104008393E-035
  0.59434106729442771       0.90934579819049954       0.52373605676025692        4.0060374558967294E-012   3.6838173124152650E-021   1.1426599704275710E-021   2.5619710902370917E-020   1.9093587067230614E-035   1.9093587067230614E-035   1.9093587067230614E-035
  0.58517642276268778       0.90934198088322404       0.52373710384704120        4.1358680026764066E-012   4.3452825096607108E-021   1.3221966560676401E-021   4.6684220707538738E-020   1.9093548894180555E-035   1.9093548894180555E-035   1.9093548894180555E-035
  0.57603961885084798       0.90933820439798496       0.52373813974027372        4.2750115110420894E-012   5.1519266060725534E-021   1.5370231214743396E-021   8.4734609835261217E-020   1.9093511129357672E-035   1.9093511129357672E-035   1.9093511129357672E-035
  0.56679105475248825       0.90933441108064172       0.52373918025448385        4.4267184435491725E-012   6.1578981453827445E-021   1.7997146965269370E-021   1.5320366436142634E-019   1.9093473196221483E-035   1.9093473196221483E-035   1.9093473196221483E-035
  0.55724853489062454       0.90933052775830525       0.52374024546128184        4.5958964631858691E-012   7.4513976442770796E-021   2.1305419672404517E-021   2.7594082963544050E-019   1.9093434363044883E-035   1.9093434363044883E-035   1.9093434363044883E-035
  0.54717534556857828       0.90932646167600284       0.52374136080404576        4.7899687330791491E-012   9.1829474666784330E-021   2.5635702529711485E-021   4.9513300005110536E-019   1.9093393702280908E-035   1.9093393702280908E-035   1.9093393702280908E-035
  0.53626690323075377       0.90932209626997174       0.52374255825745730        5.0202479971845181E-012   1.1623176066068579E-020   3.1587932011596465E-021   8.8513495662645939E-019   1.9093350048296586E-035   1.9093350048296586E-035   1.9093350048296586E-035
  0.52414425547764454       0.90931729023065755       0.52374387658472954        5.3040538968631563E-012   1.5287423112172153E-020   4.0274256420470167E-021   1.5765506821523553E-018   1.9093301988003736E-035   1.9093301988003736E-035   1.9093301988003736E-035
  0.51038356444157196       0.90931189122609024       0.52374535757343221        5.6674600676689299E-012   2.1214437894065828E-020   5.3859681685462810E-021   2.7980877897381632E-018   1.9093247998094076E-035   1.9093247998094076E-035   1.9093247998094076E-035
  0.49464415073774343       0.90930578735573608       0.52374703192142780        6.1471283354763831E-012   3.1591490990452768E-020   7.6700546069710083E-021   4.9492519550615623E-018   1.9093186959578215E-035   1.9093186959578215E-035   1.9093186959578215E-035
  0.47693492496210932       0.90929900749055015       0.52374889171224281        6.7872225439097980E-012   5.1098839432660115E-020   1.1758806022287348E-020   8.7264253022357287E-018   1.9093119161184177E-035   1.9093119161184177E-035   1.9093119161184177E-035
  0.45785203697277915       0.90929180117516328       0.52375086849559849        7.6285206050244576E-012   8.9590380519113710E-020   1.9374607958612694E-020   1.5334517240226700E-017   1.9093047098372569E-035   1.9093047098372569E-035   1.9093047098372569E-035
  0.43947110851149851       0.90928495206161652       0.52375274730562293        8.6334098456879389E-012   1.6140381311812094E-019   3.2719513050541912E-020   2.6027120176019676E-017   1.9092978607642030E-035   1.9092978607642030E-035   1.9092978607642030E-035
  0.42262971378806879       0.90927875086555110       0.52375444839196084        9.7744495805366086E-012   2.8973720874915306E-019   5.5103423231605483E-020   4.2615947854539013E-017   1.9092916596130416E-035   1.9092916596130416E-035   1.9092916596130416E-035
  0.40713178251537657       0.90927310263095662       0.52375599779952864        1.1069310216291215E-011   5.1827204474444242E-019   9.2544346308273107E-020   6.8420981814848401E-017   1.9092860114277051E-035   1.9092860114277051E-035   1.9092860114277051E-035
  0.39281383163576444       0.90926793023875485       0.52375741668107345        1.2537933048583773E-011   9.2384821557722547E-019   1.5499823276710858E-019   1.0867591145977867E-016   1.9092808390891396E-035   1.9092808390891396E-035   1.9092808390891396E-035
  0.37953831045667036       0.90926317038784943       0.52375872239941179        1.4202848271003109E-011   1.6412177160060266E-018   2.5889524677071197E-019   1.7162877633726997E-016   1.9092760792963226E-035   1.9092760792963226E-035   1.9092760792963226E-035
  0.36718923873021697       0.90925877086498308       0.52375992927618742        1.6089442550532261E-011   2.9059367902591271E-018   4.3127827705517535E-019   2.7028082419496101E-016   1.9092716798361321E-035   1.9092716798361321E-035   1.9092716798361321E-035
  0.35566808204491385       0.90925468822014310       0.52376104922943489        1.8226259951192212E-011   5.1284413581806266E-018   7.1653745238127937E-019   4.2513295706615404E-016   1.9092675972587403E-035   1.9092675972587403E-035   1.9092675972587403E-035
  0.34489001943454417       0.90925088581681712       0.52376209230835080        2.0645435460950050E-011   9.0217137359247040E-018   1.1873579235773871E-018   6.6853035473652674E-016   1.9092637949278639E-035   1.9092637949278639E-035   1.9092637949278639E-035
  0.33478154997825760       0.90924733252362611       0.52376306705214259        2.3383184611447195E-011   1.5820747535241725E-017   1.9624809359149128E-018   1.0515259837497571E-015   1.9092602417123967E-035   1.9092602417123967E-035   1.9092602417123967E-035
  0.32527899600118182       0.90924400183777287       0.52376398073043950        2.6480250484977231E-011   2.7658478003631210E-017   3.2354208178827224E-018   1.6546976961070210E-015   1.9092569111098540E-035   1.9092569111098540E-035   1.9092569111098540E-035
  0.31632692219121478       0.90924087106360185       0.52376483956859388        2.9982397221589288E-011   4.8207785778315415E-017   5.3207828172902541E-018   2.6052053790332332E-015   1.9092537804249400E-035   1.9092537804249400E-035   1.9092537804249400E-035
  0.30787654420356403       0.90923792055236674       0.52376564895620459        3.3941071346544092E-011   8.3775662879107983E-017   8.7288855931711443E-018   4.1037233444821717E-015   1.9092508300093128E-035   1.9092508300093128E-035   1.9092508300093128E-035
  0.29988470620307661       0.90923513318910987       0.52376641358785581        3.8414152680325008E-011   1.4516358240788961E-016   1.4285761387132242E-017   6.4669145970934861E-015   1.9092480427484713E-035   1.9092480427484713E-035   1.9092480427484713E-035
  0.29231328483457547       0.90923249406347129       0.52376713755340676        4.3466677071708934E-011   2.5082078729211509E-016   2.3325543561385656E-017   1.0194279822331338E-014   1.9092454037325575E-035   1.9092454037325575E-035   1.9092454037325575E-035
  0.28512849975818350       0.90922999013464390       0.52376782442988956        4.9171627668887530E-011   4.3217462533102214E-016   3.7998136164465129E-017   1.6073363140719257E-014   1.9092428999213140E-035   1.9092428999213140E-035   1.9092428999213140E-035
  0.27830015829825927       0.90922760989414941       0.52376847737400234        5.5610937584756277E-011   7.4262344816878740E-016   6.1760433353546107E-017   2.5345416560777254E-014   1.9092405198068833E-035   1.9092405198068833E-035   1.9092405198068833E-035
  0.27180116512540431       0.90922534313677716       0.52376909918494485        6.2876623532029958E-011   1.2726752753503192E-015   1.0015886885911850E-016   3.9965970259437166E-014   1.9092382531847230E-035   1.9092382531847230E-035   1.9092382531847230E-035
  0.26560722081781768       0.90922318080951114       0.52376969234584636        7.1071947726133934E-011   2.1753641558774069E-015   1.6207268587610337E-016   6.3014066823086198E-014   1.9092360910025653E-035   1.9092360910025653E-035   1.9092360910025653E-035
  0.25969644389353069       0.90922111484327484       0.52377025906992103        8.0312751564774401E-011   3.7088253267934437E-015   2.6168550861241165E-016   9.9334961021164596E-014   1.9092340251921490E-035   1.9092340251921490E-035   1.9092340251921490E-035
  0.25404897618815109       0.90921913798613141       0.52377080134621801        9.0729095354114231E-011   6.3074829194591790E-015   4.2160820122535257E-016   1.5654958832804981E-013   1.9092320485024318E-035   1.9092320485024318E-035   1.9092320485024318E-035
  0.24864672200851062       0.90921724368878687       0.52377132097102042        1.0246712023380522E-010   1.0700836810986373E-014   6.7781741863586939E-016   2.4663881849051643E-013   2.5310831464352765E-035   1.9092301543851209E-035   1.9092301543851209E-035
  0.24347315365401409       0.90921542601774730       0.52377181957166741        1.1569111885357759E-010   1.8111264203366531E-014   1.0874514627482830E-015   3.8842837832910077E-013   4.8203671664884578E-035   1.9092283369078250E-035   1.9092283369078250E-035
  0.23851310965162328       0.90921367956948540       0.52377229863009234        1.3058595759662043E-010   3.0582803857860190E-014   1.7410977654025313E-015   6.1148652222758166E-013   9.1744221594142880E-035   1.9092265906682430E-035   1.9092265906682430E-035
  0.23375261631437075       0.90921199939546449       0.52377275950338142        1.4735993205843065E-010   5.1526700863534084E-014   2.7821293046703096E-015   9.6223551633370989E-013   1.7450130006069609E-034   1.9092249107192145E-035   1.9092249107192145E-035
  0.22917873858938509       0.90921038093957751       0.52377320344092726        1.6624812183833025E-010   8.6624943896308747E-014   4.4370790354640988E-015   1.5135358000516907E-012   3.3170093204836738E-034   1.9092232925061868E-035   1.9092232925061868E-035
  0.22527665491591140       0.90920899662666210       0.52377358314788747        1.8496863446846310E-010   1.3704303532430466E-013   6.7007999383935419E-015   2.2593023649441782E-012   5.8573588002500338E-034   3.4284809450946053E-035   1.9092219084245989E-035
  0.22181732902037091       0.90920776637357437       0.52377392059209793        2.0389762645609382E-010   2.0814379572023035E-013   9.7551352677745329E-015   3.2595334998888387E-012   9.8498644179972520E-034   8.3938187376077520E-035   1.9092206783979516E-035
  0.21849062347775108       0.90920658038791979       0.52377424588886712        2.2454036763278905E-010   3.1451124987395038E-013   1.4136258239315174E-014   4.6855680795701134E-012   1.6479701576831504E-033   2.0347586068721535E-034   1.9092194926517579E-035
  0.21528803943850128       0.90920543576148738       0.52377455983571652        2.4703756939556309E-010   4.7284538169974453E-013   2.0392231515220441E-014   6.7116627316537678E-012   2.7435968352426360E-033   4.8849179914357249E-034   1.9092183482787958E-035
  0.21220159300589445       0.90920432976263188       0.52377486318168875        2.7154272082738373E-010   7.0737378326924310E-013   2.9285345345747990E-014   9.5806271878579977E-012   4.5457690324196857E-033   1.1616776998018053E-033   1.9092172425485731E-035
  0.20922370128929471       0.90920325979414440       0.52377515663889129        2.9822444080492817E-010   1.0530624273596352E-012   4.1870495431544586E-014   1.3629795700142725E-011   7.4968805269925362E-033   2.7370853368073531E-033   1.9092161728652484E-035
  0.20634707384029752       0.90920222335288448       0.52377544089354766        3.2726959924754939E-010   1.5601045311848456E-012   5.9599648686434189E-014   1.9326520957551683E-011   1.2308874921046553E-032   6.3907692176265690E-033   1.9092151367273451E-035
  0.20356460170356191       0.90920121798827058       0.52377571661736266        3.5888753097548530E-010   2.3001459690761300E-012   8.4459641186836286E-014   2.7316610943973413E-011   2.0123815372893133E-032   1.4789905492522018E-032   1.9092141316863237E-035
  0.20086923905150392       0.90920024125765642       0.52377598447972029        3.9331577834570791E-010   3.3748386049466711E-012   1.1915162251139548E-013   3.8490360887719185E-011   3.2768821924652230E-032   3.3931894528421051E-032   2.2692164960383808E-035
  0.19825387286497709       0.90919929067677596       0.52377624516123844        4.3082796774723895E-010   4.9274621766675910E-012   1.6732095931562067E-013   5.4072526413530295E-011   5.3160991045060776E-032   7.7190156446862084E-032   4.7468019069043567E-035
  0.19571117687900860       0.90919836366364370       0.52377649936907877        4.7174465299709208E-010   7.1585040607470078E-012   2.3384560583838596E-013   7.5744919124100141E-011   8.5951635773567956E-032   1.7414268414787321E-031   9.8521554946232284E-035
  0.19323344844855991       0.90919745747510727       0.52377674785427275        5.1644823449725007E-010   1.0346195644603081E-011   3.2518755288427181E-013   1.0581350122396073E-010   1.3855458503083968E-031   3.8968549101106599E-031   2.0289460385687291E-034
  0.19081242238515472       0.90919656913355318       0.52377699143169387        5.6540357937159488E-010   1.4873016238078066E-011   4.4980438106679511E-013   1.4743630361735276E-010   2.2279570061047425E-031   8.6509333229082220E-031   4.1457575383116560E-034
  0.18843906216068801       0.90919569534341649       0.52377723100280438        6.1918650654621693E-010   2.1258971225955774E-011   6.1860324586629138E-013   2.0493446322536992E-010   3.5757703643491372E-031   1.9055632463300808E-030   8.4041387000397718E-034
  0.18610332746589214       0.90919483239655507       0.52377746758138444        6.7852321976961616E-010   3.0201880338455865E-011   8.4539495151370642E-013   2.8421665741873543E-010   5.7321776584553079E-031   4.1654831055913440E-030   1.6899416359485852E-033
  0.18379391994672689       0.90919397606635499       0.52377770232228182        7.4434504969108391E-010   4.2623759479090728E-011   1.1472678026032945E-012   3.9335737656759268E-010   9.1860349454519877E-031   9.0376808890260429E-030   3.3700634869375546E-033
  0.18149801267149537       0.90919312149168130       0.52377793655284699        8.1786476543965677E-010   5.9720422589979334E-011   1.5447481870555649E-012   5.4338149519809712E-010   1.4731094979256577E-030   1.9465450173777153E-029   6.6626861412404437E-033
  0.17920097605489499       0.90919226305400547       0.52377817180611119        9.0068351773459250E-010   8.3008533598280407E-011   2.0615508044571160E-012   7.4931970072327904E-010   2.3667685207129628E-030   4.1624812931595260E-029   1.3053072693497599E-032
  0.17688612796784264       0.90919139425640061       0.52377840985328361        9.9494150213644099E-010   1.1436069879562123E-010   2.7236608000264405E-012   1.0316065159045629E-009   3.8149108339008076E-030   8.8386040750825410E-029   2.5326599644429066E-032
  0.17453456710298612       0.90919050762440523       0.52377865273005564        1.1035308439914798E-009   1.5601582177555312E-010   3.5574691081976548E-012   1.4178832300051535E-009   6.1786165819916699E-030   1.8638915111852190E-028   4.8632084194196600E-032
  0.17212520996886699       0.90918959467183769       0.52377890274485761        1.2303954578710746E-009   2.1055153449706628E-010   4.5867732732397085E-012   1.9452178678508093E-009   1.0071866866502194E-029   3.9041314748417623E-028   9.2333131181166151E-032
  0.16963525838850999       0.90918864601609117       0.52377916244591161        1.3809472285148445E-009   2.8081355251016630E-010   5.8287765804736227E-012   2.6626199773334935E-009   1.6554070787324720E-029   8.1237427237107251E-028   1.7314609385528504E-031
  0.16704147430579908       0.90918765178837735       0.52377943450727171        1.5626242329393650E-009   3.6982180868080199E-010   7.2899021007527536E-012   3.6334499752496751E-009   2.7479270003928396E-029   1.6794894000029482E-027   3.2030097557593842E-031
  0.16432275950015277       0.90918660254052930       0.52377972147883878        1.7855926691725447E-009   4.8072226510553659E-010   8.9632826222186016E-012   4.9368740282553227E-009   4.6131045858188660E-029   3.4502467533282789E-027   5.8376983859567842E-031
  0.16146439335619714       0.90918549082377587       0.52378002535566148        2.0635376439248706E-009   6.1691566923194214E-010   1.0830687726865609E-011   6.6670603966081125E-009   7.8368590317561372E-029   7.0443075801088415E-027   1.0470450247390288E-030
  0.15846346794894317       0.90918431357167218       0.52378034687797348        2.4144136576570828E-009   7.8251505933959422E-010   1.2871041635478200E-011   8.9289559188733111E-009   1.3466018930333799E-028   1.4295700903997286E-026   1.8467291622007537E-030
  0.15533347241726875       0.90918307341307647       0.52378068518074317        2.8610153286533382E-009   9.8317144252158444E-010   1.5074119565943655E-011   1.1831128114858726E-008   2.3360939396905231E-028   2.8841207761946844E-026   3.2027538411676102E-030
  0.15210481718508426       0.90918177925029364       0.52378103780562246        3.4313970580419044E-009   1.2270598473808695E-009   1.7452895984232903E-011   1.5479121296352534E-008   4.0795017006104561E-028   5.7852169769015392E-026   5.4658013747654290E-030
  0.14881956670601215       0.90918044489932393       0.52378140088113367        4.1594644001305516E-009   1.5256673530762451E-009   2.0047082692300891E-011   1.9974197848070186E-008   7.1464935311329476E-028   1.1539194219306652E-025   9.1924708323674013E-030
  0.14552260089485658       0.90917908565773164       0.52378177012146054        5.0861693001160197E-009   1.8942191737277042E-009   2.2916833848346737E-011   2.5419334381379825E-008   1.2519336610538447E-027   2.2889012376785462E-025   1.5263862608355221E-029
  0.14225378084672008       0.90917771529917069       0.52378214164435144        6.2615022406640287E-009   2.3519411269605099E-009   2.6132809181517409E-011   3.1929407648022022E-008   2.1880162069577612E-027   4.5156189023519663E-025   2.5070666768291481E-029
  0.13904397920483022       0.90917634444553774       0.52378251241076712        7.7471824066058859E-009   2.9224824570045356E-009   2.9769025807119367E-011   3.9641003539764779E-008   3.8094302944897917E-027   8.8611043760505596E-025   4.0799814525413390E-029
  0.13591470637653938       0.90917498029760857       0.52378288029258968        9.6199080565863552E-009   3.6346767758728401E-009   3.3900339548065190E-011   4.8719654056687618E-008   6.6019325001735016E-027   1.7297378115326322E-024   6.5876670831334749E-029
  0.13287962101078302       0.90917362711525695       0.52378324393520692        1.1975175377602623E-008   4.5236570904335458E-009   3.8603095073858379E-011   5.9364912893030742E-008   1.1385155729028285E-026   3.3592025300248755E-024   1.0564538040549091E-028
  0.12994649631090258       0.90917228690814333       0.52378360256213896        1.4931814108995992E-008   5.6322921139640338E-009   4.3957045912776890E-011   7.1814583075234639E-008   1.9535478258337721E-026   6.4907847331659016E-024   1.6841285592998132E-028
  0.12711895384271787       0.90917096006448861       0.52378395579576709        1.8637460765408615E-008   7.0129345062742546E-009   5.0047429429856134E-011   8.6349167689795281E-008   3.3352839315409195E-026   1.2479717076823264E-023   2.6704623055733566E-028
  0.12439778303907661       0.90916964583769688       0.52378430351568039        2.3275226294928744E-008   8.7295076034268666E-009   5.6966793692588958E-011   1.0329715382804096E-007   5.6660950452596001E-026   2.3878101302812433E-023   4.2141014077682580E-028
  0.12178188162275788       0.90916834269676727       0.52378464575266848        2.9071849044907178E-008   1.0859983505678270E-008   6.4816526681323506E-011   1.2304143974848114E-007   9.5783316782941891E-026   4.5469775740359583E-023   6.6207477714047167E-028
  0.11926890766698940       0.90916704857046660       0.52378498260976114        3.6307671109435625E-008   1.3499322125619382E-008   7.3708150847131836E-011   1.4602709388268841E-007   1.6111982701865991E-025   8.6181416089710047E-023   1.0359415498969445E-027
  0.11685572785632126       0.90916576101529256       0.52378531420173935        4.5328840555772665E-008   1.6762952313632776E-008   8.3764452864710354E-011   1.7277062212530080E-007   2.6967524390320429E-025   1.6259656521949400E-022   1.6147548130517227E-027
  0.11453872564410605       0.90916447732981898       0.52378564060645183        5.6562224999679619E-008   2.0790885204103501E-008   9.5120491799801628E-011   2.0387096376243639E-007   4.4908305594822623E-025   3.0538975244149710E-022   2.5079458840109094E-027
  0.11231401362329847       0.90916319463164930       0.52378596182286863        7.0533625444667473E-008   2.5752557133897102E-008   1.0792449638512067E-010   2.4002251188150153E-007   7.4395582685083353E-025   5.7105850766297121E-022   3.8819636804019727E-027
  0.11017758007263806       0.90916190990766421       0.52378627773235098        8.7890006519333539E-008   3.1852504063966785E-008   1.2233863069756742E-010   2.8203055558165725E-007   1.2258176265205749E-024   1.0632289247809293E-021   5.9892930958748080E-027
  0.10812538984149454       0.90916062004486031       0.52378658806025680        1.0942661501930950E-007   3.9336969413644090E-008   1.3853957679034536E-010   3.3082967384203734E-007   2.0084907786243248E-024   1.9711934520636770E-021   9.2119060450933531E-027
  0.10615345323917634       0.90915932184645010       0.52378689233551590        1.3612004933146670E-007   4.8501539428783770E-008   1.5671885016830695E-010   3.8750578635622566E-007   3.2716911657419269E-024   3.6393476623712588E-021   1.4126161497137115E-026
  0.10425787230332094       0.90915801203650304       0.52378718984609662        1.6916857604972575E-007   5.9699880009882664E-008   1.7708272651023740E-010   4.5332280281127088E-007   5.2968292721939871E-024   6.6918240731236255E-021   2.1599504910086344E-026
  0.10243487096207783       0.90915668725518473       0.52378747958818528        2.1004127732499187E-007   7.3353609772167325E-008   1.9985161306569552E-010   5.2975513369217497E-007   8.5207436644418460E-024   1.2255366436440498E-020   3.2934200336692992E-026
  0.10068081366764721       0.90915534404599196       0.52378776020678686        2.6053796669792985E-007   8.9963276995686956E-008   2.2525864343260763E-010   6.1852776644021162E-007   1.3615479800328025E-023   2.2356425163804696E-020   5.0080463628688461E-026
   9.8992215738963357E-002  0.90915397883582261       0.52378802992511009        3.2286225004465534E-007   1.1012030106043853E-007   2.5354720839504012E-010   7.2166621639636310E-007   2.1605512545423498E-023   4.0626131128704849E-020   7.5951768900114445E-026
   9.7365747700436100E-002  0.90915258790852038       0.52378828645956310        3.9971065571841361E-007   1.3451957659714188E-007   2.8496705785322062E-010   8.4155949401752092E-007   3.4038363804505872E-023   7.3547465914290969E-020   1.1489023771122943E-025
   9.5798235205941759E-002  0.90915116737219381       0.52378852691649946        4.9438144738492546E-007   1.6397220231533610E-007   3.1976852152707038E-010   9.8104037067124113E-007   5.3230975457087798E-023   1.3265405182077760E-019   1.7335199830128301E-025
   9.4286655601766911E-002  0.90914971312043191       0.52378874766586203        6.1090761293753188E-007   1.9941746559941338E-007   3.5819430478620853E-010   1.1434887837482306E-006   8.2623427572419135E-023   2.3839361386408259E-019   2.6091424253526759E-025
   9.2828131746664558E-002  0.90914822078753488       0.52378894418551880        7.5421966651042162E-007   2.4193276877788147E-007   4.0046823248060080E-010   1.3329663402069505E-006   1.2728523277915463E-022   4.2689399583984732E-019   3.9175172904058306E-025
   9.1419923329114111E-002  0.90914668569757540       0.52378911086829860        9.3034542230840155E-007   2.9273961100156143E-007   4.4678025897568591E-010   1.5543927401006665E-006   1.9464008310393012E-022   7.6177399050552817E-019   5.8679681978379259E-025
   9.0059415575652460E-002  0.90914510280678762       0.52378924078122802        1.1466559810009813E-006   3.5320304663655235E-007   4.9726707033795731E-010   1.8137787846477261E-006   2.9550674837297767E-022   1.3546949208765534E-018   8.7689245038148025E-025
   8.8744104922736461E-002  0.90914346663825762       0.52378932536298095        1.4121701046895864E-006   4.2482126791055598E-007   5.5198772423391275E-010   2.1185357611568097E-006   4.4560347557696743E-022   2.4010100808682910E-018   1.3073837917332829E-024
   8.7471580945840663E-002  0.90914177120673634       0.52378935404054694        1.7379334127547874E-006   5.0920120566615929E-007   6.1089407129307942E-010   2.4778878067769609E-006   6.6774129688133064E-022   4.2414138704805800E-018   1.9447883125115372E-024
   8.6239503655694771E-002  0.90914000992958366       0.52378931373891724        2.1374951407721620E-006   6.0801549251679399E-007   6.7379625953411738E-010   2.9034228806995768E-006   9.9505505941470221E-022   7.4682315102626991E-018   2.8864576503800523E-024
   8.5045575279835459E-002  0.90913817551681908       0.52378918824696785        2.6275146780489644E-006   7.2293608231943213E-007   7.4032452689608406E-010   3.4098299789920103E-006   1.4758171815263494E-021   1.3108131455075846E-017   4.2745267880843901E-024
   8.3887505995829892E-002  0.90913625982878965       0.52378895738696174        3.2285443410793474E-006   8.5554068335956801E-007   8.0988980959047111E-010   4.0158863338552799E-006   2.1806931828716866E-021   2.2935295238177891E-017   6.3159717814772281E-024
   8.2762973963029229E-002  0.90913425368359357       0.52378859591186311        3.9660560274883516E-006   1.0071904595039538E-006   8.8164747644683761E-010   4.7457802665926611E-006   3.2138049450895728E-021   4.0006659284399146E-017   9.3113072443045051E-024
   8.1669581626463955E-002  0.90913214658784613       0.52378807202063959        4.8718102218342870E-006   1.1788817691636951E-006   9.5447073565811108E-010   5.6308857091596457E-006   4.7297937461749275E-021   6.9574141979838217E-017   1.3695391303234680E-023
   8.0604812838564341E-002  0.90912992635360024       0.52378734533291793        5.9857091345396655E-006   1.3710816618408832E-006   1.0269429056734152E-009   6.7121469222475939E-006   6.9604347998194187E-021   1.2063512127630446E-016   2.0095008082456107E-023
   7.9565999013707381E-002  0.90912757855170767       0.52378636409648949        7.3583334938721413E-006   1.5835670986128716E-006   1.0973807401686625E-009   8.0432915355791105E-006   1.0256613399320179E-020   2.0856068726834693E-016   2.9409401343547379E-023
   7.8550307384051318E-002  0.90912508573786344       0.52378506131145908        9.0544332065554364E-006   1.8153021821589562E-006   1.1639042667400257E-009   9.6951721222616606E-006   1.5155248212448075E-020   3.5953929387920556E-016   4.2921790191436980E-023
   7.7554770408722856E-002  0.90912242637524110       0.52378334934549831        1.1157715295129580E-005   2.0644068361133486E-006   1.2245718091648444E-009   1.1761644974667642E-005   2.2487069485459113E-020   6.1807085738950982E-016   6.2452267009429331E-023
   7.6576381871665183E-002  0.90911957337145588       0.52378111250220916        1.3777317811084819E-005   2.3282939745017109E-006   1.2776006961507165E-009   1.4367528292560702E-005   3.3551686106401066E-020   1.0595746845136165E-015   9.0565874878563582E-023
   7.5612289526688858E-002  0.90911649215933110       0.52377819693185046        1.7056308796257059E-005   2.6040749317843635E-006   1.3216907885601180E-009   1.7679331271136731E-005   5.0403629191104034E-020   1.8115513942735953E-015   1.3085552127796054E-022
   7.4660108508029371E-002  0.90911313829384033       0.52377439731825626        2.1182291550178966E-005   2.8893364551214033E-006   1.3564512113262019E-009   2.1919602863286034E-005   7.6320617183250294E-020   3.0890232728763403E-015   1.8833099469655471E-022
   7.3718347952772031E-002  0.90910945461047754       0.52376944000782932        2.6399619689843791E-005   3.1833362259958110E-006   1.3828890925618038E-009   2.7385962366682143E-005   1.1656802408394146E-019   5.2537604120050568E-015   2.6996865211778807E-022
   7.2786866692556046E-002  0.90910536802894548       0.52376296255396748        3.3021916728316848E-005   3.4884940787592461E-006   1.4038502565473833E-009   3.4476381730473593E-005   1.7963912753772370E-019   8.9130509375618484E-015   3.8551877970651392E-022
   7.1867164340830944E-002  0.90910078592050769       0.52375448945060965        4.1443173350444909E-005   3.8117772278003324E-006   1.4242429585745825E-009   4.3723638663910922E-005   2.7925581606988866E-019   1.5084075530197992E-014   5.4873315581642044E-022
   7.0962266662474321E-002  0.90909559142951091       0.52374340217906790        5.2146691382896191E-005   4.1653810132775503E-006   1.4509238966492640E-009   5.5844553172197694E-005   4.3759760415579521E-019   2.5466881713246588E-014   7.7926158301427060E-022
   7.0076121550859793E-002  0.90908963646585639       0.52372889862381178        6.5713540620272317E-005   4.5663364814648681E-006   1.4923554892292223E-009   7.1812961857244023E-005   6.9055598866457542E-019   4.2896751967059425E-014   1.1055835862644026E-021
   6.9212747958357482E-002  0.90908273092514180       0.52370993470802296        8.2833537699426906E-005   5.0353631951279881E-006   1.5584243751052867E-009   9.2967195995494268E-005   1.0963652286329361E-018   7.2092356147112654E-014   1.5695556464787436E-021
   6.8375545116085804E-002  0.90907462721300702       0.52368514166957914        1.0431994060717482E-004   5.5957877932372276E-006   1.6608489901683815E-009   1.2116259090288618E-004   1.7498212102899162E-018   1.2089075408305042E-013   2.2335914062243612E-021
   6.7566969172904598E-002  0.90906499938638752       0.52365271309531081        1.3112665435484732E-004   6.2731029356510883E-006   1.8143558896723501E-009   1.5898101182095078E-004   2.8056348241528368E-018   2.0228232805470399E-013   3.1923001116654897E-021
   6.6788490488209867E-002  0.90905341541611173       0.52361025261705341        1.6436751108814352E-004   7.0951535941840487E-006   2.0385954986679288E-009   2.1001607773226907E-004   4.5166390756005300E-018   3.3775774652515599E-013   4.5918222639918051E-021
   6.6040668120286805E-002  0.90903929975078857       0.52355456664289202        2.0533983726233132E-004   8.0926961051062249E-006   2.3608134020006460E-009   2.7926357447546077E-004   7.2961586002966776E-018   5.6280337533010536E-013   6.6626558783485520E-021
   6.5323259341386691E-002  0.90902188206856982       0.52348137915484461        2.5555582618902163E-004   9.3001828297613359E-006   2.8194824539839957E-009   3.7365973898776826E-004   1.1819727349844997E-017   9.3590953965798147E-013   9.7765329784345597E-021
   6.4635350579459599E-002  0.90900012671777319       0.52338493747321957        3.1678460229644240E-004   1.0756755018942073E-005   3.4692961262468023E-009   5.0282690716274840E-004   1.9190926451186608E-017   1.5533148023689111E-012   1.4546880973172996E-020
   6.3975506673300278E-002  0.90897263530046135       0.52325746684613339        3.9110674654782855E-004   1.2507457802477902E-005   4.3881198383688756E-009   6.8010941014168594E-004   3.1211798532147411E-017   2.5731053753532601E-012   2.2009362794424315E-020
   6.3341926012349142E-002  0.90893751181927673       0.52308841588717014        4.8098227867669546E-004   1.4604686299327372E-005   5.6867478498926698E-009   9.2401544816556893E-004   5.0824015318236015E-017   4.2545575621054649E-012   3.3951186987430464E-020
   6.2732583319264248E-002  0.90889217532601152       0.52286341191703856        5.8933306842300244E-004   1.7109871660829147E-005   7.5226640288414563E-009   1.2602271967328297E-003   8.2829296942633209E-017   7.0222999155471876E-012   5.3519296882132338E-020
   6.2145344687415706E-002  0.90883309841548388       0.52256281214143030        7.1964127833932991E-004   2.0095428712489357E-005   1.0119503482919779E-008   1.7244078680735092E-003   1.3506753357240699E-016   1.1570876161664528E-011   8.6355257114403068E-020
   6.1578046711188675E-002  0.90875544010478115       0.52215968895958198        8.7606642453813056E-004   2.3647005157086403E-005   1.3794622840571162E-008   2.3661301350432246E-003   2.2034735525307151E-016   1.9035084569266443E-011   1.4273132650568941E-019
   6.1028538290094990E-002  0.90865252681670194       0.52161701903737201        1.0635846792209534E-003   2.7866088074476376E-005   1.8998200374117707E-008   3.2543889687415739E-003   3.5961863960843278E-016   3.1267503821132893E-011   2.4160094158603564E-019
   6.0494687487140889E-002  0.90851511229225934       0.52088374616438604        1.2881549381700880E-003   3.2873031339190854E-005   2.6368729044951273E-008   4.4853642911866932E-003   5.8720550135293457E-016   5.1291008421551453E-011   4.1833095632984907E-019
   5.9974356414351997E-002  0.90833031100317607       0.51988924210823595        1.5569168132572530E-003   3.8810563274144947E-005   3.6811807752469885E-008   6.1933966552790327E-003   9.5948055325720141E-016   8.4037871979969124E-011   7.3955708431284803E-019
   5.9465386833997567E-002  0.90808006417569109       0.51853560220341954        1.8784009777864177E-003   4.5847235019267966E-005   5.1610765679459813E-008   8.5663513226323373E-003   1.5692747877095227E-015   1.3755500625676484E-010   1.3318509407516259E-018
   5.8972443394167448E-002  0.90774440755983665       0.51671674192423178        2.2569694604865540E-003   5.4056152342713401E-005   7.2239086893698517E-008   1.1813423082916087E-002   2.5523871218992009E-015   2.2344382301160322E-010   2.4167442897617893E-018
   5.8496253205511099E-002  0.90729698265182723       0.51429655503914773        2.6977709741275468E-003   6.3524700226499909E-005   1.0059288515235853E-007   1.6203891763863845E-002   4.1154428155691102E-015   3.5906239078406082E-010   4.3869272141021245E-018
   5.8031657954045621E-002  0.90669733566980892       0.51107150447643379        3.2112567615539839E-003   7.4449123146142946E-005   1.3946335774857715E-007   2.2137838154337765E-002   6.5958715053775774E-015   5.7228059173429629E-010   7.9690261881511908E-018
   5.7573732062728616E-002  0.90588843858328350       0.50676605688131660        3.8095745237272361E-003   8.7052555010871672E-005   1.9263361803019092E-007   3.0159909271549889E-002   1.0532816901309313E-014   9.0670906348402489E-010   1.4494911464758383E-017
   5.7117313347069223E-002  0.90478843844912105       0.50100555261186996        4.5068201025787475E-003   1.0158673996012795E-004   2.6522644601057296E-007   4.1014697418089843E-002   1.6796426816263205E-014   1.4311039196309952E-009   2.6422224376940031E-017
   5.6656448956478561E-002  0.90327706441244315       0.49327767503536724        5.3193882511922974E-003   1.1833398020388561E-004   3.6418268518093235E-007   5.5725643531606889E-002   2.6811344882115519E-014   2.2551824392370030E-009   4.8331605162290648E-017
   5.6183646259981374E-002  0.90117219073950228       0.48287734486122508        6.2665160704396330E-003   1.3760988441190671E-004   4.9894105432594914E-007   7.5708286001593697E-002   4.2957683331495661E-014   3.5572579651124801E-009   8.8888725569244022E-017
   5.5688729112745208E-002  0.89818724060032973       0.46882801762687026        7.3712417455428277E-003   1.5976887071166243E-004   6.8246461212761545E-007  0.10293252636002036        6.9326082004120080E-014   5.6349641051908501E-009   1.6485393246463964E-016
   5.5156909400941360E-002  0.89384887450230810       0.44977180728623545        8.6622863496567601E-003   1.8521729142873591E-004   9.3294852806779562E-007  0.14015013380467223        1.1323113104310424E-013   9.0042786172500115E-009   3.0972915036152565E-016
   5.4565231186262449E-002  0.88732586938436242       0.42382721740186025        1.0178034987078496E-002   2.1444545251954314E-004   1.2770603178372558E-006  0.19119142217236423        1.8849800637942460E-013   1.4608132181993069E-008   5.9386877977759896E-016
   5.3875381304658819E-002  0.87703985312267008       0.38844518660621119        1.1975310990739547E-002   2.4810081828498525E-004   1.7570568187689392E-006  0.26127145783553607        3.2337685489604148E-013   2.4299226209450718E-008   1.1764461875059560E-015
   5.3017383448332754E-002  0.85967024879874010       0.34040343622997782        1.4148679600937764E-002   2.8712458347955773E-004   2.4487467558817573E-006  0.35702683089437454        5.8237604371950097E-013   4.2098488225408551E-008   2.4608894745942018E-015
   5.1845143190520152E-002  0.82714548522945941       0.27634851241215880        1.6867590598899473E-002   3.3277526386777512E-004   3.5127776572207281E-006  0.48546274414393442        1.1391045722941693E-012   7.8047294184650474E-008   5.6675050353641048E-015
   5.0102202975003202E-002  0.76066007806842884       0.19954330928331582        2.0156422600216335E-002   3.8111318927189854E-004   5.2188342876831307E-006  0.64038935078835657        2.4716320725548614E-012   1.5600130951886687E-007   1.4759708599671393E-014
   4.8212506258812314E-002  0.67002011925900251       0.14469565069882617        2.2370557524394558E-002   4.0343887496329777E-004   6.9434308006211803E-006  0.75169643779714934        4.5609449509772527E-012   2.6331467171373706E-007   3.1250003254329108E-014
   4.6178804066297645E-002  0.56474101467864823       0.10967351473380801        2.3051878551930836E-002   3.9441484738117981E-004   8.2681853712646464E-006  0.82319359976064743        7.2125387827466405E-012   3.8036738031607721E-007   5.4064519134926567E-014
   4.3873770695625459E-002  0.45329168814152881        8.7302375026430984E-002   2.2314226856955992E-002   3.5876940152883703E-004   9.0176849705994465E-006  0.86912424392626320        1.0138010055244876E-011   4.8649306041125180E-007   7.9591335492672158E-014
   4.1206506648688634E-002  0.34631472298074806        7.3008415027534440E-002   2.0674761700568440E-002   3.0814034867735813E-004   9.3042567775401955E-006  0.89861146829640393        1.3012784024456052E-011   5.6297543654509248E-007   1.0283204115280772E-013
   3.8159487028917388E-002  0.25286520257690998        6.3874498954082357E-002   1.8734414993034108E-002   2.5466492763906570E-004   9.3957443242597545E-006  0.91752036117764424        1.5626572798587900E-011   6.0244072575010027E-007   1.1970844687502864E-013
   3.4792007220795999E-002  0.17773697146865700        5.8039168840441469E-002   1.6848406847878788E-002   2.0541446559951181E-004   9.4566053397285968E-006  0.92964121465323513        1.7807591547912295E-011   6.0913392258832382E-007   1.2674593720986781E-013
   3.1197801843920341E-002  0.12127963758527631        5.4313236379106691E-002   1.5163431876988889E-002   1.6322544056015311E-004   9.5282003229109092E-006  0.93741300453048104        1.9297064523207508E-011   5.9353954096790802E-007   1.2124818976332656E-013
   2.7470036476082604E-002   8.0972929866582000E-002   5.1936292189692444E-002   1.3746332967839428E-002   1.2887712545358421E-004   9.6128109162361044E-006  0.94239708983553860        1.9717700549939047E-011   5.6763700881985448E-007   1.0307545350564679E-013
   2.3690370420227064E-002   5.3239744829635449E-002   5.0422806246517453E-002   1.2634811839483999E-002   1.0212414666537983E-004   9.7021712151217901E-006  0.94558804788201090        1.8651788385549736E-011   5.4167968874175697E-007   7.5754570903589090E-014
   2.0168085751185047E-002   3.5600674490344167E-002   4.9511982118427930E-002   1.1896520796896997E-002   8.3361155822331848E-005   9.7654181026866705E-006  0.94751742871325484        1.6118365299050052E-011   5.2336410926798373E-007   4.7757598962626377E-014
   1.7400028867594019E-002   2.5650090999767380E-002   4.9020548371123081E-002   1.1532322881644580E-002   7.2403303170582881E-005   9.7802559451048974E-006  0.94856216558560835        1.3230872664907892E-011   5.1449812421308986E-007   2.8267366091853168E-014
   1.5167424002017038E-002   1.9459372557664265E-002   4.8729002115514522E-002   1.1392991899583314E-002   6.5973335535466734E-005   9.7221008101027373E-006  0.94918364679098477        1.0525529994709892E-011   5.1082027732549900E-007   1.5909857352718459E-014
   1.3539108563006042E-002   1.5732981782298237E-002   4.8564327697804929E-002   1.1387365442061856E-002   6.2773985711131672E-005   9.6261216118057890E-006  0.94953706971492113        8.4999863944631276E-012   5.0974536553674148E-007   9.3622496659081985E-015
   1.2192818630576068E-002   1.3041956695155090E-002   4.8455698723573498E-002   1.1445577913392662E-002   6.1164471546983887E-005   9.4927373276029445E-006  0.94977478117145531        6.8721321891717302E-012   5.0959485858775727E-007   5.5007403766178475E-015
   1.1042835188047639E-002   1.0954471823085111E-002   4.8382416961891585E-002   1.1538668246399923E-002   6.0526150387511339E-005   9.3375814886871664E-006  0.94994274078535457        5.5646006843952874E-012   5.0979751208027697E-007   3.2201733872742913E-015
   1.0037918096847055E-002   9.2376545232440398E-003   4.8334222390767220E-002   1.1647029787649006E-002   6.0428403357446698E-005   9.1809545947572027E-006  0.95006508301365356        4.5179713355983392E-012   5.1008182374484109E-007   1.8788114605901567E-015
   9.1389547445536266E-003   7.7409032048821203E-003   4.8305621271954029E-002   1.1755846508791350E-002   6.0563463864332974E-005   9.0533502098400819E-006  0.95015638001815872        3.6824923318156497E-012   5.1031758756912500E-007   1.0927136441897914E-015
   8.3554456090229028E-003   6.4264546512611464E-003   4.8294282615264909E-002   1.1847632226146355E-002   6.0736893623322939E-005   9.0066484982927327E-006  0.95022265433478292        3.0513962308493798E-012   5.1043711394142817E-007   6.5293033085251338E-016
   7.5569326700748989E-003   5.0358189711361490E-003   4.8298887065330483E-002   1.1920261748693100E-002   6.0899214532248493E-005   9.1432946405301768E-006  0.95027800516857897        2.5232696472921227E-012   5.1041316989078488E-007   3.7756259108351844E-016
   6.7142566314356130E-003   3.4800947641726483E-003   4.8325042431140372E-002   1.1945882453695720E-002   6.1042299573217676E-005   9.8321868651312026E-006  0.95032366663735701        2.1271592883354855E-012   5.1016956484335728E-007   2.1892638655845780E-016
   6.0447625828981425E-003   2.2068951341234688E-003   4.8361731217765089E-002   1.1906741325443639E-002   6.1049230166548504E-005   1.1429072513559287E-005  0.95035109044437283        1.9714684954524892E-012   5.0980508606389720E-007   1.6047810971644729E-016
   5.5956512227495966E-003   1.3989351242893354E-003   4.8391444964432671E-002   1.1845383505238522E-002   6.0746239438133570E-005   1.3744260633396879E-005  0.95036534030286157        1.9752018023843579E-012   5.0950379668415090E-007   1.5075416130988125E-016
   5.2692147746279559E-003   8.8646216891951149E-004   4.8412851251457917E-002   1.1785089573695277E-002   6.0077966933174914E-005   1.6631697636514066E-005  0.95037371726272712        2.0440487310961693E-012   5.0928565684392804E-007   1.6215652459518517E-016
   5.0172456969142963E-003   5.6149157516687898E-004   4.8427605587442524E-002   1.1732501579982428E-002   5.9089332126234111E-005   1.9915198378214329E-005  0.95037909565543166        2.1359910177045229E-012   5.0913484704345259E-007   1.8643441065727605E-016
   4.8137171915034116E-003   3.5547983260651668E-004   4.8437594209230703E-002   1.1688432735166383E-002   5.7882960727825554E-005   2.3406233818648785E-005  0.95038278012832000        2.2312219438924463E-012   5.0903257320025893E-007   2.1984336011274829E-016
   4.6432972795877603E-003   2.2493029888183411E-004   4.8444320134880182E-002   1.1651888829502180E-002   5.6573460622772315E-005   2.6936243303602428E-005  0.95038543495113559        2.3207243037952217E-012   5.0896367948564748E-007   2.5958541029236702E-016
   4.4962118992408493E-003   1.4223964356229740E-004   4.8448860615578730E-002   1.1621480333861138E-002   5.5257090834691233E-005   3.0380202039337833E-005  0.95038742394066555        2.4010438127799863E-012   5.0891719520921790E-007   3.0300568510337037E-016
   4.3657285752740161E-003   8.9891242126413819E-005   4.8451932389137371E-002   1.1595890627345224E-002   5.3999454370948590E-005   3.3664026848641022E-005  0.95038742394066555        2.4715730177346363E-012   5.0888579194201343E-007   3.4765263825819892E-016
   4.2467897578388281E-003   5.6771145693231042E-005   4.8454055936952470E-002   1.1573978082909072E-002   5.2835875499100542E-005   3.6760093569764120E-005  0.95038742394066555        2.5330781116232541E-012   5.0886412401606271E-007   3.9153749926556286E-016
   4.1351627560569934E-003   3.5830013000825061E-005   4.8455585696485788E-002   1.1554782767861163E-002   5.1777901638671178E-005   3.9678260713991508E-005  0.95038742394066555        2.5869208234548421E-012   5.0884854487593754E-007   4.3330492766031711E-016
   4.0267959007407959E-003   2.2598404453575885E-005   4.8456707494684635E-002   1.1537494941642447E-002   5.0821047189507300E-005   4.2457638181503564E-005  0.95038742394066555        2.6346691765382232E-012   5.0883715222306273E-007   4.7223538238325618E-016
   3.9172192296583978E-003   1.4243854165204383E-005   4.8457570570505731E-002   1.1521381083014133E-002   4.9951723059856723E-005   4.5160638596593656E-005  0.95038742394066555        2.6778959843664127E-012   5.0882841192721112E-007   5.0809474749724783E-016
   3.8010511235370406E-003   8.9721982804092761E-006   4.8458276022322916E-002   1.1505774512448518E-002   4.9154732444092659E-005   4.7864757618207984E-005  0.95038742394066555        2.7179950050741224E-012   5.0882170858258542E-007   5.4082791278815830E-016
   3.6725174614622648E-003   5.6474880032588291E-006   4.8458889485874852E-002   1.1490206935314391E-002   4.8425631052814921E-005   5.0630543186740970E-005  0.95038742394066555        2.7557002378456401E-012   5.0881593335054860E-007   5.7000020204008961E-016
   3.5293068431894851E-003   3.5512619216507115E-006   4.8459439169176458E-002   1.1474838690742339E-002   4.7787832728744570E-005   5.3415482089491153E-005  0.95038742394066555        2.7901560006129711E-012   5.0881016176864536E-007   5.9420652417400226E-016
   3.3771369002446863E-003   2.2303737019163288E-006   4.8459918151015885E-002   1.1460617696813277E-002   4.7281463706645493E-005   5.6034280094008885E-005  0.95038742394066555        2.8191595515653791E-012   5.0880513264691949E-007   6.1193190655379134E-016
   3.2243889104511991E-003   1.3991152521066503E-006   4.8460316569326839E-002   1.1448337168062310E-002   4.6915839913948573E-005   5.8326101020181603E-005  0.95038742394066555        2.8416517147118615E-012   5.0880094948643064E-007   6.2348446283210414E-016
   3.0753558217792654E-003   8.7668530424863144E-007   4.8460640002171651E-002   1.1438087839368625E-002   4.6666847526560187E-005   6.0257582554263505E-005  0.95038742394066555        2.8583485592079494E-012   5.0879755368029750E-007   6.3051392365227497E-016
   2.9314843989942554E-003   5.4871950188703317E-007   4.8460900211098119E-002   1.1429668657916824E-002   4.6504539723565212E-005   6.1857851108820981E-005  0.95038742394066555        2.8704853790916792E-012   5.0879482171154215E-007   6.3462027192304951E-016
   2.7933412826109832E-003   3.4305504758683198E-007   4.8461052932938946E-002   1.1422838687424181E-002   4.6404145267883800E-005   6.3169854451376357E-005  0.95038742394066555        2.8791900707992336E-012   5.0879321827791709E-007   6.3694643806703349E-016
   2.6611702987545268E-003   2.1422537676718944E-007   4.8461166286994747E-002   1.1417326197536210E-002   4.6346783710519834E-005   6.4236913227160396E-005  0.95038742394066555        2.8853642291165190E-012   5.0879202817501055E-007   6.3822877959091186E-016
   2.5350324198202801E-003   1.3361597874536337E-007   4.8461255786231318E-002   1.1412899749947409E-002   4.6318666971974110E-005   6.5099206366975030E-005  0.95038742394066555        2.8897038075429157E-012   5.0879108852750541E-007   6.3891829257417713E-016
   2.4148714397219237E-003   8.3236343064386421E-008   4.8461294089607740E-002   1.1409369270560821E-002   4.6309829689166268E-005   6.5792400505498689E-005  0.95038742394066555        2.8927322550135756E-012   5.0879068638354805E-007   6.3928068539478365E-016
   2.3005532163589007E-003   5.1787013389941345E-008   4.8461294089607740E-002   1.1406565594642993E-002   4.6313238414753274E-005   6.6347201139322368E-005  0.95038742394066555        2.8948332142811213E-012   5.0879068638354805E-007   6.3946686582751715E-016
   2.1918924126860732E-003   3.2178650769863012E-008   4.8461294089607740E-002   1.1404341280339599E-002   4.6323959060488310E-005   6.6789540269874845E-005  0.95038742394066555        2.8962821383932107E-012   5.0879068638354805E-007   6.3955998944588417E-016
   2.0886711463517847E-003   1.9968247675495729E-008   4.8461294089607740E-002   1.1402582225637725E-002   4.6338623246072646E-005   6.7141084298593564E-005  0.95038742394066555        2.8972771922884229E-012   5.0879068638354805E-007   6.3960524542113322E-016
   1.9906525337179477E-003   1.2374374143391381E-008   4.8461294089607740E-002   1.1401195172643075E-002   4.6354952980339753E-005   6.7419703421718564E-005  0.95038742394066555        2.8979584258261202E-012   5.0879068638354805E-007   6.3962647890248045E-016
   1.8975906740884211E-003   7.6577933557552126E-009   4.8461294089607740E-002   1.1400104425181334E-002   4.6371442823566329E-005   6.7640024836817644E-005  0.95038742394066555        2.8984198801624273E-012   5.0879068638354805E-007   6.3963598572262293E-016
   1.8092380778764125E-003   4.7322429862825135E-009   4.8461294089607740E-002   1.1399248894243286E-002   4.6387079941117848E-005   6.7814022495355105E-005  0.95038742394066555        2.8987310553964810E-012   5.0879068638354805E-007   6.3963995580804096E-016
   1.7253507214182316E-003   2.9201101766262042E-009   4.8461294089607740E-002   1.1398579515445451E-002   4.6401307454336518E-005   6.7951111468457471E-005  0.95038742394066555        2.8989399776738999E-012   5.0879068638354805E-007   6.3964142334778084E-016
   1.6456917832343113E-003   1.7992268590119568E-009   4.8461294089607740E-002   1.1398057045638064E-002   4.6413873027437477E-005   6.8059005685752996E-005  0.95038742394066555        2.8990796449847405E-012   5.0879068638354805E-007   6.3964182925168185E-016
   1.5700342703513326E-003   1.1069107556495599E-009   4.8461294089607740E-002   1.1397650211351532E-002   4.6424627962562512E-005   6.8143889020854168E-005  0.95038742394066555        2.8991726149462642E-012   5.0879068638354805E-007   6.3964198662461507E-016
   1.4981622853701625E-003   6.7993052231379932E-010   4.8461294089607740E-002   1.1397334168527800E-002   4.6433548897795896E-005   6.8210695127857374E-005  0.95038742394066555        2.8992342352299078E-012   5.0879068638354805E-007   6.3964198662461507E-016
   1.4298717486705243E-003   4.1699094641494062E-010   4.8461294089607740E-002   1.1397089237522105E-002   4.6440691696861351E-005   6.8263350244322118E-005  0.95038742394066555        2.8992749005483723E-012   5.0879068638354805E-007   6.3964198662461507E-016
   1.3649704809075383E-003   2.5531912824309589E-010   4.8461294089607740E-002   1.1396907241905637E-002   4.6446158680035307E-005   6.8304972169975058E-005  0.95038742394066555        2.8993016198900749E-012   5.0879068638354805E-007   6.3964198662461507E-016
   1.3032783813617453E-003   1.5606972204521053E-010   4.8461294089607740E-002   1.1396773270676185E-002   4.6450075546488957E-005   6.8338031916275783E-005  0.95038742394066555        2.8993190984623319E-012   5.0879068638354805E-007   6.3964198662461507E-016
   1.2446269673719961E-003   9.5239238184692653E-011   4.8461294089607740E-002   1.1396670028420538E-002   4.6452575419617677E-005   6.8364484735177397E-005  0.95038742394066555        2.8993304810931079E-012   5.0879068638354805E-007   6.3964198662461507E-016
   1.1888586685117439E-003   5.8017348429068811E-011   4.8461294089607740E-002   1.1396590665102135E-002   4.6453788288833234E-005   6.8385794944976223E-005  0.95038742394066555        2.8993330675980289E-012   5.0879068638354805E-007   6.3964198662461507E-016
   1.1358264429383112E-003   3.5279847493271660E-011   4.8461294089607740E-002   1.1396529811742407E-002   4.6453834258480356E-005   6.8403277589946840E-005  0.95038742394066555        2.8993330675980289E-012   5.0879068638354805E-007   6.3964198662461507E-016
   1.0853932005273198E-003   2.1414304339753506E-011   4.8461294089607740E-002   1.1396483270300696E-002   4.6452819627110975E-005   6.8417895561059968E-005  0.95038742394066555        2.8993330675980289E-012   5.0879068638354805E-007   6.3964198662461507E-016
   1.0374312086973898E-003   1.2973907069583331E-011   4.8461294089607740E-002   1.1396447766316303E-002   4.6450834984409005E-005   6.8430405663291093E-005  0.95038742394066555        2.8993330675980289E-012   5.0879068638354805E-007   6.3964198662461507E-016
   9.9182148312075666E-004   7.8452684083340963E-012   4.8461294089607740E-002   1.1396420752093062E-002   4.6447954714569016E-005   6.8441405491053079E-005  0.95038742394066555        2.8993330675980289E-012   5.0879068638354805E-007   6.3964198662461507E-016
   9.4845315760526698E-004   4.7347316151967502E-012   4.8461294089607740E-002   1.1396400250466544E-002   4.6444237447759227E-005   6.8451367646333501E-005  0.95038742394066555        2.8993330675980289E-012   5.0879068638354805E-007   6.3964198662461507E-016
   9.0722275460603896E-004   2.8517635229406838E-012   4.8461294089607740E-002   1.1396390927174293E-002   4.6439727112585738E-005   6.8460666843082752E-005  0.95038742394066555        2.8993330675980289E-012   5.0879068638354805E-007   6.3964198662461507E-016
   8.6803363604951974E-004   1.7141232368700010E-012   4.8461294089607740E-002   1.1396390927174293E-002   4.6434454372819124E-005   6.8469601247440261E-005  0.95038742394066555        2.8993330675980289E-012   5.0879068638354805E-007   6.3964198662461507E-016
   8.3079523801609192E-004   1.0281597298910987E-012   4.8461294089607740E-002   1.1396390927174293E-002   4.6428438230804011E-005   6.8478409271102269E-005  0.95038742394066555        2.8993330675980289E-012   5.0879068638354805E-007   6.3964198662461507E-016
   7.9542207872697758E-004   6.1538740483665821E-013   4.8461294089607740E-002   1.1396390927174293E-002   4.6421687657325134E-005   6.8487282783296884E-005  0.95038742394066555        2.8993330675980289E-012   5.0879068638354805E-007   6.3964198662461507E-016
   7.6183300176699644E-004   3.6752372320340805E-013   4.8461294089607740E-002   1.1396390927174293E-002   4.6414203202396437E-005   6.8496377379435104E-005  0.95038742394066555        2.8993330675980289E-012   5.0879068638354805E-007   6.3964198662461507E-016
   7.2995027561795027E-004   2.1900299615622659E-013   4.8461294089607740E-002   1.1396390927174293E-002   4.6405978464905616E-005   6.8505820424868771E-005  0.95038742394066555        2.8993330675980289E-012   5.0879068638354805E-007   6.3964198662461507E-016
   6.9969869115849188E-004   1.3020319283172462E-013   4.8461294089607740E-002   1.1396390927174293E-002   4.6397001367798198E-005   6.8515717366488170E-005  0.95038742394066555        2.8993330675980289E-012   5.0879068638354805E-007   6.3964198662461507E-016
   6.7100470599298022E-004   7.7228740408592098E-014   4.8461294089607740E-002   1.1396390927174293E-002   4.6387255185154964E-005   6.8526156735863885E-005  0.95038742394066555        2.8993330675980289E-012   5.0879068638354805E-007   6.3964198662461507E-016
   6.4379569638538768E-004   4.5698367947089005E-014   4.8461294089607740E-002   1.1396390927174293E-002   4.6376719280909130E-005   6.8537214187174058E-005  0.95038742394066555        2.8993330675980289E-012   5.0879068638354805E-007   6.3964198662461507E-016
   6.1799938098153011E-004   2.6975242630193705E-014   4.8461294089607740E-002   1.1396390927174293E-002   4.6365369537161417E-005   6.8548955839191578E-005  0.95038742394066555        2.8993330675980289E-012   5.0879068638354805E-007   6.3964198662461507E-016
   6.1499532456488941E-004   2.5317513931116176E-014   4.8461294089607740E-002   1.1396390927174293E-002   4.6363951608570775E-005   6.8550413690959919E-005  0.95038742394066555        2.8993330675980289E-012   5.0879068638354805E-007   6.3964198662461507E-016
